23 1 0 0 42.3060 0.1364
23 0 1 0 0.6360 0.0000
1 1 0 0 5.2200 0.2500
1 0 1 0 33.3420 0.0000
1 1 0 0 91.7620 0.1250
1 1 0 0 70.7570 0.1250
1 0 1 0 17.6910 0.0000
1 0 1 0 22.7290 0.0000
1 1 0 0 17.2970 0.2500
1 0 1 0 6.6390 0.0000
0 1 0 0 5.5900 0.2500
50 1 0 0 14.0110 0.2500
50 1 0 0 5.5950 0.2500
50 1 0 0 9.4080 0.2500
50 1 0 0 35.7080 0.1731
50 0 1 0 1.7650 0.0000
3 1 0 0 5.1160 0.2500
3 0 1 0 31.9930 0.0000
3 1 0 0 46.2780 0.1277
3 0 1 0 1.9160 0.0000
3 0 1 0 43.7790 0.0000
3 1 0 0 10.0170 0.2500
3 0 1 0 10.3890 0.0000
3 1 0 0 4.7960 0.2500
3 1 0 0 20.3340 0.2500
3 1 0 0 26.7680 0.2208
3 1 0 0 10.6010 0.2500
3 1 0 0 29.3630 0.2013
3 1 0 0 38.7820 0.1524
